$coord
   -2.357584766897    2.658292668564   17.007533913989  c 
   -4.610477674574    1.340775008829    0.000000000000  c 
   -4.610477674574   -1.340775008829    0.000000000000  c 
   -2.357584766897   -2.658292668564    0.000000000000  c 
    0.000000000000   -1.362156067883    0.000000000000  c 
    0.000000000000    1.362156067883    0.000000000000  c 
    2.357584766897   -2.658292668564    0.000000000000  c 
    2.357584766897    2.658292668564    0.000000000000  c 
    4.610477674574    1.340775008829    0.000000000000  c 
    4.610477674574   -1.340775008829    0.000000000000  c 
   -2.358777259586    4.715857979869    0.000000000000  h 
   -6.397394747671    2.355856215636    0.000000000000  h 
   -6.397394747671   -2.355856215636    0.000000000000  h 
   -2.358777259586   -4.715857979869    0.000000000000  h 
    2.358777259586   -4.715857979869    0.000000000000  h 
    2.358777259586    4.715857979869    0.000000000000  h 
    6.397394747671    2.355856215636    0.000000000000  h 
    6.397394747671   -2.355856215636    0.000000000000  h 
$end
