          18
 
   C         -1.24758022      1.40670800      9.00000000
   C         -2.43975989      0.70950763      0.00000000
   C         -2.43975989     -0.70950763      0.00000000
   C         -1.24758022     -1.40670800      0.00000000
   C          0.00000000     -0.72082200      0.00000000
   C          0.00000000      0.72082200      0.00000000
   C          1.24758022     -1.40670800      0.00000000
   C          1.24758022      1.40670800      0.00000000
   C          2.43975989      0.70950763      0.00000000
   C          2.43975989     -0.70950763      0.00000000
   H         -1.24821126      2.49552475      0.00000000
   H         -3.38535575      1.24666551      0.00000000
   H         -3.38535575     -1.24666551      0.00000000
   H         -1.24821126     -2.49552475      0.00000000
   H          1.24821126     -2.49552475      0.00000000
   H          1.24821126      2.49552475      0.00000000
   H          3.38535575      1.24666551      0.00000000
   H          3.38535575     -1.24666551      0.00000000
